%YAML:1.0
---
calibration: !!opencv-matrix
   rows: 3
   cols: 3
   dt: d
   data: [ -6.6287301397854848e-01, 6.0004924055515141e-01,
       6.9093355546737519e+02, 3.5004028237269683e-03,
       2.9399604867679197e-01, 3.7611083613499540e+02,
       6.6522539832107534e-05, 1.8523510927008126e-03, 1. ]
floor_origin: [ 0., -4.5094744873046875e+02, 5.8330010986328125e+02 ]
floor_normal: [ 2.5497637689113617e-02, 9.9598026275634766e-01,
    -8.5866101086139679e-02 ]
